$ANSIBLE_VAULT;1.1;AES256
30343436363139383434343533623335353336666463363138363462653966636234303130633330
3130316662343034653864393362306563373432666164630a636336636265623838306666376161
61353034643731303937373838343431356432333364643331313262636233653837663765643335
3338393032313361320a386438346465653039373036366636333532663861666236393534653233
35373966386133366337383235303231313964383266643262623962626165346665333665376634
38326433326238393537393461663538346434366235646635393830326234303133313034333439
33343332613434353335303666623465306632316135343861663637313262646230323863323337
64646231333138383630383934393633353666333339656635643566333831303439363739626238
35616136633666316362353932323433323666653761396337353030376331633864363364303238
37633663613061333061383134316230333966353664333432636530363930333065346166653761
65316333643664333661343061336337613332333664323433396634363338316662386630626137
62386633356137656232613034346361353363303335333832636537313133333563356238663865
65343132326435313131663937376332366164636637613638633337386535663034396663343436
35323931306535343634653830383861396430393338353765666561623162363434663933333164
32373532383663653630336363323638626534303433313830643537306165343735616664376233
64653338346266396331653063363034303131383861303338353065633530396165353038656633
33323035616663643635306130646636633739663766653565343635303961303632636237353939
32366134373436383134613861643932373838636432623233623863633736623939326235356536
61623035343834386237303862383338323332356534343438323330643234316665313936653865
33313763616533366265383430626135396165326133393136643035326662633338366131643562
33336635356539616166623533633965373765316233363064646565653061353233653435303936
66643033346664383535323838316137346362656534666264333334376562666635316164666532
62653733353163653633643663643236376662333934666661336337303136386163396130363132
64633461393061653134343135316337623237303837646464356430326262343565353334373162
37353032346236313530353339653866353866313964383031333361636334373933353134323963
33336133306335366535656666313930303566363863656538323063363639666361663331623361
37626333383866353139323532343835366461303036383035633465306465663265306631613065
30363037323035363563636638373034303034656161656366656338656666346363326536373562
32333930626430313432356366336636363631333731313566663065306639633132633131336364
65303435386534623765373062626532306135313930386266333439313632363630613838383961
63336637306634366137343735663637336666353934643762303930363330613234343562653430
62363161356664353932396537373738376233316533663738633631626562376230393830353565
36343862656637373064376231313736663838363138323562343963666539346164383038636564
65363064643730643936303939613638633334633038396362333666336661343536653238346333
31666634323630636262666231626263643433636663383038613232396362663563623636363566
61613164656139623634393539633337333732643262343366396132666637646365346663383730
39653538333766306563663530346662393962623834636331643237353466616139346532613832
65363931383862376639313966343637393535643137653731633834383834363564643032366136
61323038383834353733333539313432323636666531623461393564666432303235336434616430
38313632346539376634326566626565333638343864383138316138636530333233343535383262
63306536663931613232653335353830353831666530343764363531616335323661646239613661
31353062623962343230643631323534633533343135366336303637393531363435306336616365
65366439353930376662363162623331353638376532326663633632626336333939356462386330
34303265366232356236646461396237663630326434653766303735393934666665656331323637
65393862623836306632633466393030633833626630633434373166613935393335306661383439
32303766396533653862613166306334663431643934316664613931383632383539656261326330
61643136373661376139333064363262663966333431376233396434383130633734313965326635
33326462633838336234643234333133306534653364636562303238373531373863663763363734
64323938666536646464326334363965383364623431393462333635316433646133636139363038
61393335363536346331653161633332383862376664343365393833386431336339346661346239
65363335313635643366356430336334323434663061626164386564643337666165306335343730
64353537383534303239363563386466623536326233663339393035396663616564363035383839
65383264383130303439616336643836663461346261653834376530643039363230623437353030
34346264353336353131306132346361613263383434393466343566313839653561393462343764
35623235366132623837623735353566393461393331366162336236303234306666336266653562
62306462653435666664626165643938356464323166303235393035393064653762373237653237
38363737613433306432313466343466366235633037623235333337343665323361663036376331
31376537306636373362396631306636643062356462353736383165656562636263303037396132
31396663323633356237396230666435373563326165323538383831373832346331626162343432
66383762323765376634323332633431313530356137386364396666303933613062336630386363
37313430376365623766623362323537373436386264386633653464656231353166323363383031
64633637303233353434393939613866656164653534373030326535626361653861643438616564
64653232383335656264366536363263333738336635636437656433343763636265356566363930
32343133663531336638326565623963646339643339386639623235643364613163306166666639
34393163353836303238303264646537643662346635656332376366653238656565366132323734
64306332653235386231626432376634623564633265666162393131396536653265646338633434
62393731613064623834333235313333646134313666353537323432366665376166373363316634
65333537616131363138363961376661346633336462623766623164343031613264353338653063
39666162363231643863303461303135656230316263656563393530366630646563333133643938
34663166346265623732343964623833653039353766326462303538346531313434643434306236
66653462386434366339313363393139356435376562633831316366333662326333333764303264
65623035396162616530663866613561346261323864373030326366646261316433383131663233
63663031353135313536623135623766373539343430336538383764633764613836393535633235
61396664353464373765633436653263373662646537393131393866303133373562323766626536
37363439346339366239663330623434346365663933383231343031323834613465373632623462
36326262366363643237636134393130376263386335363439353565353338643338636264333863
32393564343765623438346662396436643461313663663633363465386133663439643433346565
33613761393761623131353962323734643233363661353865666637363131386661346431366235
30336139343333323034393662643931363536633136303465643231373235663739303362323832
35326137316330626662323132323634303562336665613033313561366166643132653135646463
38646364346235646661376532613738373932326266616239613166643832303139656134626632
34653939663131323862616135326334333161663439366662343463333263653237656437366361
31313938356538343033393864643830646134356331323638613261363463333362623766653262
37626134323635323436386337366564663639346263366137343063343536343366343865646136
30306238643730656234353565633866646437643762346435323635303661343565666662356239
30633938336263643763643631353430336338393365636235383333323762653233306531393735
33316631633561353836633763383364373364313633316335346561386639616332303531303663
35616432396162303833383764626461316334663830616630613035643036346131666564623833
32363164373237656639623736356565333037623831623964633837623636646431626430623961
66386234313439613662633535386234323030366233636531333761663965346565333734653066
35323661613165653663396463363432343939373639666161333234656132363065353833363539
32653762363934386266623165373835613834613531373261316436363166633130636338373331
65663737636161303239326464363134353938376231653237633830336566656135623631393565
39396166626538393732306532383561316137393932613735313430643064316630323364336161
34306165393233336437353236303032666333373761666539636366383335313962303832373339
61303835336334303361663864386631646637663835323163356338393036663530613166353536
36303336646630613239306231396336623565613761636436363639343137636261373534373939
34303662646534343461663038633132373032366230616431343162356530373265396266376466
36376262356564663431393031666633383532396130666437316563386265303163326537383538
34363232613031633435363366663438643339323638396438626465363937383330323662383762
61363166663562306431643133623132666338363231626535306633393937336136333130396263
32386365366537353539383338343135613231303633623936303939633233336435633761626535
32393961653530393263633766353630623337663530373166396165666631333564343638316666
39623330656239663462346638616164383036646230343936396336386163376535313066353339
39376134613639373165333639376161396234386566613631353531636338613564643138363565
33643662633162303761393866383965303034333337373332323361386638636132343466363765
32353866316335613662643366343762643032366562643835336531363031313066633836653163
35396631373639323664616564653164383335363536386166633537623438386536396630633662
39346630383036613261383665323163613334323235636538323662393933353161353830666635
34363162663631626635663863383363336362313435366666656236383831366538396234333831
66653732336263396535613934393434616432323037313638653235396532353732623832343666
34333035633238336630616633636430383037383930666130313535613837613236336533633465
61633637653431633633396431323464623035396438363831303634333365643736316664653564
65613432316432353931393962633738653930626164333936353863316237366634653563323838
33343133306462333530316632396431376630373762353035373265336562396433383264643839
38646636333862343639383131336639626330356137363630346233623266346565373366393462
31313636623031316135326662623738316163656462633534353665396463396433366137393130
35383935616661383030323663306264336533656464643033643765303637353564363562613133
62336262356432626138313437646165343535323634643031396561663135356638633566653035
65313136646539626339663036333630653366656434393761393038616334653164383862303839
32653637343230663037393839353334303138336331666139353931356134633931323237343162
61326135306331316233313562663965346165386262373130383064616333393334363236623730
63613638313032306431623033333466633464333963396432646566646233303733336637613339
30386234373730316230643337313331393537303662623564366333353933353037316232616465
61323337373632616536366436363562363937366262653062626330383061323764653937303232
63626534353737646230623139353131653937343264363838316165346437313538303836383138
66376636346532623363336163353439383863316462316364333363336632663937623934333031
35363535336561366666613962376239363139643466323137323730333038613839656539383564
37626230396439393132613639636563363936663831613139656531353039616264323461626130
35303135613033613137373938316434613731623163643363616234653066626136303338616430
31306263356636306265643961343936623861373031613662653230376633623836396434643066
34353865626234646465653035353332643730633535326238633464383130663063663139353038
34623466653135646430623337373062333436623939613135636334306238353366656232393139
61376432326430383936333531356561366338613033353763616366613330336537663337653736
373833373638343834643333633366363562
