$ANSIBLE_VAULT;1.1;AES256
31613130636331656666613665386336656662636339373466363461616531303636356331336465
6431323165353034303132666639646635333330323664390a393834353334393661336435386261
39333437353338363936383961613136393063393835333638333030336236303231326630643237
6433643765346363310a323561356563613031313036636330623766303936353562646335633035
37306230313261303739343237323131633333346536633138326330623662613134316230646333
33396535343332613632653133636131333236366439333830303733343039643434346533613538
66633863316439333936656630616165313636663230336133383633323337663238633130626161
63663530356235656338323639343639636333336634326662333132356336626635383262303033
34303835333264623462333265633134623364646362643938303631363263336237343132346332
64393436646430396163383466383937613831663138336136343636623937323865346338613032
62663363303032336236653961373433373533623335383434656238396463336636323964376133
61303766356336303662613931316562336661316131386434646531613264653361656466303834
34313132666464343763306664386230633737393038363434343737323336613066306666386561
61626436353463363630303266376664653132393163306662303332616566373731623131353566
35353764303738646661646639663237613335306336313161376161373639366533393966656362
65633464343831323036633936623966643939333466663531326239643830633564333762333937
64323239376336623162643766643466613734303464643731653633336234613331626163386262
62646662306136326330656236653736306330343836303338386564346436353138323264373166
37353162613832313862323166333331663238646363643535333862393438393639333037633861
38663765356431363861366439326265353066346262333264646633333966386334613533373366
39356635353230313461393634393037636535303462616135343038353939373630363130633630
62663537313964303161346433666530333533313963633266623936656131346464336538346438
32633665383035643431643038373937623835343735343563623138653961346538313139363836
31616430623265393436323532343438666539663139313230346435626232636562376438656431
63373936373965353335373232623238363666353065653638633463633739353536
