$ANSIBLE_VAULT;1.1;AES256
35353635636466626538663232623665386632653832323565343262306438626266363034663333
6662343431313766303864393633643066376161386661620a653533666535353461346630633064
34333636396135316533303162616630623835633739326438323733333663653066663139373333
3864376462613037370a396639303061643536393064346263326662303633306562383339353961
61393763333564376664366638653830323334303365356330386433346431386434646161663462
32303263653562613239303032306131636362376435616135323435393061626263313963383461
63373435623635666364646265346266306463613565313038346631356339643630653330363733
66653339383765306162386639303034316366353030316332383738653137316662336336656436
35626531653738346564353630373534316237383563303930363439356361383364636339653934
33616461623533303163613031326162653639636264306230396335633337363863353032616132
31633962303661303831326134656464386334383032363739373662353766353035666337323463
61646331643030323262613463333733383363636461363766666435643538376665653335393565
64336639633330613730653833613235313836353130366531373339313439316433336562643739
34383361363662343263393136653334363534633134316661386132383136303939333864343733
35366565646262386164643263626438396137623337383234306539623162346234613538633335
33613331626666366464653964663865343630326263623338666263363566616232643961343130
38636463363763303164626265653933383239383762656661636166616437393663623664333637
39363637353632633037346436396632303236643239633838323937343733653032373338336562
61646334396164343264656132656536653934393932663931626264376535383166333939633839
30323561353234643264313963646131633735353965336336616265383463343439343330616532
66333232366430613431633731313632656137373739373863663561636534313836383130633834
39316366313665363636393933316265343666373238323338313733643331353862613862376234
32336163353763643030373132663639326566383634663963616534633939373332323432363864
62653237646665356333333636386364343765343639653531663035346364633865396664643536
30353066393965623633336533343466646333396434633436656665393664653261623535353232
34633962303431306638613163646166616633306334666664623566313137303335623962616661
61313261353766613634396562633634346565636161396563313864393337336666623633663165
63366232323034356536356633643632363236623861356438363432613235326366316161353166
36663261393438643762613934333861666333623732613461663736623430366262336632333936
34363635646665643933633664353030613063313764643939653330646665373463653735633430
34366566623334643265343438343239366132326430303062636164616239346639626666323663
35613065663566376234656162393164363665353833326536313637353534616635636332623736
33343764306463323661636637386532323334383332653638306635633762333337393933393664
30646663383263316535623032323430363137326362356239646632363561643137353461393165
31326437666134376531333034656662346431326130313536663435373365666537346537623437
33626538313434356561323961656164333834366463613139336139356566323965393864626666
62383331396337343566323866313466663633663235323037636639666639366361636239663138
64306338666637616266363233616134383062633137663634326262626166663563303934333831
34653265356639383664343631323638333533653135313238333938343463346564633333393566
37626633336435643133633062336665386137643531633161656462633966616662383232626331
38343464373062313839363134316333323839663335656331656137633432623265373831333461
30626162376231336563303364386333623932373561336236393634383336356438313562643835
65643032323166306264323939306539623738356432306265626163303731656134316661316563
37656163653934303434636266353536646138336332393639356134323232343338323134396563
34316637393766396233363163376635326431353338303363363230373361343961663262336338
36343965303464666634626261646130303362613730633434626565323932363666366130653363
36363166383565633933643239346430366131316437666461656666316632343639633765613034
35346334363833373335316365373933336434356264363964363637343737646139366263363037
35313530633765333264393561623938313936373135366337646164373764653864363234313533
62386333653032656231643037366362396533376262636438333262376361386336373432333139
61393033666664316336363835666334656131326533663134353066333430626134316632353363
64643730643536636239383635333762613838323336396463316231363036306465656631303132
32323436356638633137656632636130653030636532303633323633333933623734316165393734
31336438636263303733653830643533343130376137373733396165626432396436396537643065
61653132633435303265643261393331653939363566623737356434353135373836366363343664
36333931646361363935653932393765636563323663346462333564663962666163383865353961
37626134646330326635643736373166353630336239666130666263323064373238353665666465
63356465633436663437353036643232646634333265653235333432363964386235613137356337
36663662313131313034373536656335323964363432613163353434636634633463643538326234
63376562663735323330663035323630323961346237333839613832666163616463316231646131
37653165663038666239336563653033633932396434353162633565376561353634373864373339
34623966666536656264393931666434343233643035383463303432323636646139333864666433
65373236326537613031376137633133616332663862626361346431626330353162363031653837
36306634333738656138306361386135343264323666303731336133316334643561636633373335
66326232666439356166623936323565646439643664373163323666353066376466653936306637
31356236656631313231623239636138623932663038386532336336633364306637303464373630
37326538623037616539313366373937343262626465326663616337663563373730633232376333
30656662376337373565353938353566326436356239376233626466646332393762376633646438
34343932643865653165623631373733393938313464623266303731363661313136343239303336
63396565626263386636386537353337363835636438303063623535363931663863306462346261
33653138306231623062386339663961386161333436643830626330353539393361353138303764
39366232326431663264303339663033303131393733303835353064313235303636353864383437
36303666363765663537613438396337623030326661373732663836393164666430646336393963
38303661343232323339643931396636633133653830656263303737643765613866623631653332
31636363393463393765356438643936323036653565623262666162623637653430306232343962
32636466336664376664396432393336613834306237383963356438313536393634613634643233
34383938333963386361336534613036623731346634613865396361653466393763666462313834
64643530333762666236356333313661363232323866633738383635336463373266643462653533
35666335333465616236623530613061376130653137366363346266356438663532616664333532
37313739336162336361653135383464663063613938633638613434353732646666633965386336
33653564656464323635633638633836323731653462366234643463323734353037303764386534
38336434653963366237646236376538393165313866653366393537646666363333363137623338
32346166353866336538656535356138383033326638363933633965373835623039323561646533
66373836646663633636663361336630306236663733396239343766636161323565396638616463
32363765636231373631386562343937393066633730373634313465366166383139376635386637
37346239656639386433386562316637393164396462353765373030306633343336643966343635
62613730323636363932656235393163306133653631336233383665313739376238633434343361
62303330366535666132626163373531353662386335623736323734353539333761656565373136
63666333393733306562353133313666326639393365626431663537323663326663393932356232
64316636353837323036646337323836326566363230356166636266386364373834633965316539
61303063383934663562303736343366663866643239303166653831633330666239376262303637
62356535396661623230363064373839313739306264343834336339396337633036633238643538
39666362626534663033666261383664666131323432353932366361393834396365343036316139
64313862653634323736653930333335613333376138316330386430373031643035616461623832
37383831313530366637653738656139386166376262613562366638326233333133633835653938
64633738666365383961666462626539373436336364663164653530383964656536353833383238
39653464343365643531643665366164383531613839633730346563663561323761336361393838
32373034313165346335353839346164356233336138376630306630326361316664386462363331
39353438313064336537373132363930666430323561336562656366346164623839666363303064
65326566376438346235373231303966313962616237383435623733393039663237613838363135
36393231626333653237316339326530343863343363616539396336393263323736316566326362
31613135653366636436333733663566313764333339353164623863343638383861323064643636
30393537616535333765386531643235303762383635666163626138626137353032316431646539
32653138313430326135303066316464376435353232623832356436613866356432363463663464
39663761353761306365396161303762386638633639373733613737383062366634666433333132
35613039373336376137383465343766626339316437393830383461336435313066653361363565
32383261333130666163343562643533323161636466393465646536343938313639353338383866
31623565633666313031326638333134303938613231333862626565646639656439376463366631
39363830323137306439663362323838653836353635386635623362303462633639363035643662
62613961393138396433616135613134316461363038343762343439633133386439343832653632
35343361373331343031363033333635363361646434393763666166373731656335336263636139
32393362623233303837373961323363363463313261303665346265373261343463616366303761
66613731653034633034633532623733633063323932643035373364333939363838336231626431
30626538336533356230346561323565326130323833616336636434333262623061653636303736
64333039643061616435353534326331613234303662303131376136316261653032666435323763
30383234393862333730636233616365326562336137323630636663636663383732333232383162
36663730643230383932336235396536316134373763366137323138376666653063626261613235
62353537323532376365666365643362383637333633326264633739623537353161326262666531
35366637326539323861343531653261626236376133313335353266663539303231333038636661
37303933356562383333376461393234353936643834663931613835366639653937613261663831
65636563393335313639313137656632323730633336373239643763323631343332343134633131
30613634396563303931633665306263613934303439313837666365666330636333633238383535
64613163626563353663353635326533613064323438666238636463613532666666613564373836
65393032393633653264376363393336326139643137303162653038663466336232313563376566
38386236636234316134323231396666646532613231363932363566616133623838356262636636
64353535643263353737313266313362653239396437636537333635356632346537643233666464
34646264643035643237663465613766303462656164376562623433313561373433373637623735
38343235646234363831636363373332663662633063346434383934353164393139353864646136
33316536666463636337336461613235343834353630663334306330633963333332326433356132
63626465333635633133336530303466346335633439623464343338373264633233396365303563
36343132323036326232396364666265323439396532323033316562326265336561343337643433
35323532636435383535356232376664633934613161636362323562326232633839633933663434
31393365356435333537336338353765363264353766633235353866653766633032373265316234
34623630623935383262343536643861663161633736626330383738353562356430356630353662
37616365376636393438633161316535666161313738313363346233613439616565613936323933
39386365663363353539656134326635386164653630376630333933303332636562643133346434
35663663636433383436646132633537373463323036333233323462623333333938363639643335
66653866666665613764353564333164326536663665303035353338383436303834653861393238
35396236626230393665306631356432373964346565613362393732343663363565366366643738
38333238623031663063303930613365656132313733643732326362366431333830653837343563
64323636366439663031633733626464663934643364333236383232393234306139306464326139
31656531653862303761353232343064363861656666323762366138386131383232383138303739
65633661626536393436396637623365656330316164396135626565366663303133643732326238
64626466643133643165643165353636396633393362643566353265353361323537323638306237
30306430623766653765356664373737623663346161383532323263373766626631326335666665
61383461333330633736643038306166646262313361643663306337313065323538323761613463
36643937323563363264626138663764356634353034636637623230373830336161323634643334
33343338663266356536353539386334366239653634643636383531643264353266333564633961
65343237356261613432653061656563383235366337373736376463386538316636393062386363
66353364386266373064373661323230613463313164633733613963656438373239643039366633
64316633326364346630316533323132326566383735326661623664373833623765333463396262
35633365653962303738336436666362613265616438316162663165333663376437616133393464
66373632663964306630356230336463326435383837633335653032316165356336613063303430
66613934313763346266623562366461363761366562623832373338643863373632643138663164
66326539306562663638646166663965613062623965346637333264363833623139663130613662
39316532353230393763303862653666643364646531623661323065656266393462623437373465
61613630623163373933343666656435663935393231383834396230373030313338653331376238
35623432303432336466323038623664666432313836303866353266393337346137653538363132
37336233623331333739376233336630373936326633356464663438643139393734333365636664
36336232303635393436306137663434653466616564373035666265356365623330393438326565
37373939393236303732326362343435306133636530626237373032623662663637653063326266
31336266363734656630656263663262343466636135616630656437393266623836653561333334
39393462616332623332663263396138656135343562326530636334613833343930333731373264
39666339363966316366636235356533396365333566336431666535393566666134643563346532
62633965613638333264313330636537326366353366656234353366646631323934666432613239
35346639353561323636366139326336346533303435633233316461616639376364366465653236
66616236383863636639336362363362663630343032613566633935666234386662663834396363
65613862626566313337663930663336393737646663666639363832313430373662306666373036
66666337346164363031346236363766303136333465303366346537323861376338323762326531
39326633303863336130643038353438656261386365613733373535303135643761333133313133
30653633623136336161353332373432613933373937363133313835633565653762373461366235
63623234656662616333323930366531663763646530616337343638313735393734396433613632
66623163386138303230363363666236336634656137663566333663623834303339
