$ANSIBLE_VAULT;1.1;AES256
61666563343130653666633266376239326439333166353430616366616532343838373133643935
6333393735353033306336633835653734643834393836300a383961623264616337653137386235
30326134356133343530326365383466616634366263386135643732393666386631356161653830
6230666363386632630a353232396333393430353864633439666233643034643530353962616535
33616535316436636362653338343438343061623934633062666539386534616636343732396636
64323039343833366561353164323732643931303938336264336139386165383461313536306132
64633531306631633834383437646239633936383639316232623365643730613363666633353065
31373165326236353530626666386139303363633466666165396661356162323966633138656664
37613862336639376333353737333731373863333637633961646363333037343337393831333438
30303261626436376261616662613832613964326663323439663230353830326561656663313666
35643961396364363564343438396465303435393633633263633731303231396564326565373465
39326232633232363738663432656239326631383737313235373933623465313764336232643562
32623765623131373839613033643930396266633363646236323337373766643937333966373931
30653636366132613766323638363439373631373531383361366662646562636239386434333964
64626331633563636236366232633966646366366239386465643232303534613533383735333332
38373664393335333564653361303265653036346136396265613036336337633233623365616134
34363533616261613039353639623666333031343462356634666562303661323665336538616133
61643936383833336365373066646466626537633364313434613233303130323033316530346330
37346430346163663338336435623238663562383961653361303535333530346331653866383863
61396235613364393434376630643865663037666531633934383436383564333566393832636262
39663233363365336363316230393062636331336139323731303831626538323861313532663830
39626465626237633335643339323766646237636462383962663838356365346465333138383561
35353336613230633538376461336561643139616232643637363963393966633935623431316236
64363961316563613635626630613939616666343739316633333435323839663462313662363935
38666436356462313837353333303631633735333039313739346262386432396637
